7.37,17.63,66.03,26.00,-6.972772,107.631650
7.37,17.63,66.03,26.00,-6.972772,107.631650
5.37,14.47,128.89,26.00,-6.972766,107.631630
5.37,14.47,128.89,26.00,-6.972766,107.631630
6.26,19.35,132.46,26.00,-6.972761,107.631620
6.26,19.35,132.46,26.00,-6.972761,107.631620
4.66,12.21,132.46,26.00,-6.972762,107.631630
4.66,12.21,132.46,26.00,-6.972762,107.631630
5.24,11.39,130.68,26.00,-6.972771,107.631620
5.24,11.39,130.68,26.00,-6.972771,107.631620
5.69,11.85,130.68,26.00,-6.972778,107.631630
5.69,11.85,130.68,26.00,-6.972778,107.631630
5.71,12.12,130.68,26.00,-6.972771,107.631620
5.71,12.12,130.68,26.00,-6.972771,107.631620
7.41,16.82,130.68,26.00,-6.972766,107.631630
7.41,16.82,130.68,26.00,-6.972766,107.631630
6.30,15.91,130.68,26.00,-6.972771,107.631640
6.30,15.91,130.68,26.00,-6.972771,107.631640
5.99,14.92,130.68,26.00,-6.972762,107.631620
5.99,14.92,130.68,26.00,-6.972762,107.631620
5.87,13.11,130.68,26.00,-6.972750,107.631610
5.87,13.11,130.68,26.00,-6.972750,107.631610
4.62,12.84,130.68,26.00,-6.972757,107.631620
4.62,12.84,130.68,26.00,-6.972757,107.631620
7.05,16.46,128.89,26.00,-6.973354,107.631630
5.47,11.39,64.11,26.00,-6.972807,107.631580
5.55,11.76,128.89,26.00,-6.972785,107.631600
5.55,11.76,128.89,26.00,-6.972785,107.631600
5.89,7.51,130.68,26.00,-6.972767,107.631610
7.41,15.73,128.89,26.00,-6.972755,107.631610
4.21,10.31,128.89,26.00,-6.972770,107.631580
4.21,10.31,128.89,26.00,-6.972770,107.631580
4.62,12.48,130.68,26.00,-6.972768,107.631580
4.62,12.48,130.68,26.00,-6.972768,107.631580
5.31,10.31,130.68,26.00,-6.972761,107.631610
5.31,10.31,130.68,26.00,-6.972761,107.631610
6.05,13.56,130.68,26.00,-6.972763,107.631620
6.05,13.56,130.68,26.00,-6.972763,107.631620
5.08,12.57,130.68,26.00,-6.972770,107.631640
5.08,12.57,130.68,26.00,-6.972770,107.631640
5.59,13.29,128.89,26.00,-6.972774,107.631650
5.59,13.29,128.89,26.00,-6.972774,107.631650
5.16,13.02,128.89,26.00,-6.972772,107.631640
5.16,13.02,128.89,26.00,-6.972772,107.631640
5.31,10.94,128.89,26.00,-6.972773,107.631650
5.31,10.94,128.89,26.00,-6.972773,107.631650
5.47,11.94,128.89,26.00,-6.972781,107.631640
5.47,11.94,128.89,26.00,-6.972781,107.631640
5.75,13.93,128.89,26.00,-6.972786,107.631640
5.75,13.93,128.89,26.00,-6.972786,107.631640
6.07,15.55,128.89,26.00,-6.972791,107.631650
6.07,15.55,128.89,26.00,-6.972791,107.631650
4.43,20.62,128.89,26.00,-6.972816,107.631650
4.43,20.62,128.89,26.00,-6.972816,107.631650
5.99,21.79,127.10,26.00,-6.972856,107.631650
5.99,21.79,127.10,26.00,-6.972856,107.631650
4.80,20.62,125.31,26.00,-6.972955,107.631620
4.80,20.62,125.31,26.00,-6.972955,107.631620
4.31,22.42,125.31,26.00,-6.973055,107.631610
4.31,22.42,125.31,26.00,-6.973055,107.631610
5.97,24.32,125.31,26.00,-6.972952,107.631630
5.97,24.32,125.31,26.00,-6.972952,107.631630
5.97,25.05,125.31,26.00,-6.972965,107.631630
5.97,25.05,125.31,26.00,-6.972965,107.631630
12.09,28.21,123.51,26.00,-6.972908,107.631650
12.09,28.21,123.51,26.00,-6.972908,107.631650
10.61,18.99,132.46,26.00,-6.972874,107.631650
10.61,18.99,132.46,26.00,-6.972874,107.631650
11.85,27.40,207.09,26.00,-6.972801,107.631630
11.85,27.40,207.09,26.00,-6.972801,107.631630
11.00,22.79,207.09,26.00,-6.972735,107.631620
11.00,22.79,207.09,26.00,-6.972735,107.631620
10.67,23.78,205.39,26.00,-6.972609,107.631530
10.67,23.78,205.39,26.00,-6.972609,107.631530
10.63,25.23,203.69,26.00,-6.972622,107.631480
10.63,25.23,203.69,26.00,-6.972622,107.631480
11.63,24.14,198.57,26.00,-6.972700,107.631520
11.63,24.14,198.57,26.00,-6.972700,107.631520
10.45,23.15,198.57,26.00,-6.972681,107.631540
10.45,23.15,198.57,26.00,-6.972681,107.631540
10.98,25.23,201.98,26.00,-6.972752,107.631570
10.98,25.23,201.98,26.00,-6.972752,107.631570
11.24,28.75,203.69,26.00,-6.972753,107.631600
11.24,28.75,203.69,26.00,-6.972753,107.631600
10.96,28.30,201.98,26.00,-6.972776,107.631610
10.96,28.30,201.98,26.00,-6.972776,107.631610
12.01,24.32,201.98,26.00,-6.972820,107.631620
12.01,24.32,201.98,26.00,-6.972820,107.631620
12.70,14.29,201.98,26.00,-6.972856,107.631580
12.70,14.29,201.98,26.00,-6.972856,107.631580
13.02,16.00,198.57,26.00,-6.972852,107.631580
13.02,16.00,198.57,26.00,-6.972852,107.631580
12.54,14.20,198.57,26.00,-6.972866,107.631550
12.54,14.20,198.57,26.00,-6.972866,107.631550
12.70,14.83,198.57,26.00,-6.972904,107.631500
12.70,14.83,198.57,26.00,-6.972904,107.631500
12.90,16.64,198.57,26.00,-6.972904,107.631460
12.90,16.64,198.57,26.00,-6.972904,107.631460
12.70,16.00,195.15,26.00,-6.972906,107.631440
12.70,16.00,195.15,26.00,-6.972906,107.631440
13.17,15.46,193.44,26.00,-6.972973,107.631460
13.17,15.46,193.44,26.00,-6.972973,107.631460
13.41,15.10,193.44,26.00,-6.973074,107.631550
13.41,15.10,193.44,26.00,-6.973074,107.631550
13.75,16.46,193.44,26.00,-6.973155,107.631640
13.75,16.46,193.44,26.00,-6.973155,107.631640
12.84,19.44,196.86,26.00,-6.973171,107.631680
12.84,19.44,196.86,26.00,-6.973171,107.631680
12.82,14.83,200.28,26.00,-6.973091,107.631680
12.82,14.83,200.28,26.00,-6.973091,107.631680
13.77,15.28,195.15,26.00,-6.972966,107.631670
13.77,15.28,195.15,26.00,-6.972966,107.631670
13.55,14.83,193.44,26.00,-6.972831,107.631660
13.55,14.83,193.44,26.00,-6.972831,107.631660
13.06,17.54,193.44,26.00,-6.972805,107.631650
13.06,17.54,193.44,26.00,-6.972805,107.631650
13.35,21.43,196.86,26.00,-6.972789,107.631650
13.35,21.43,196.86,26.00,-6.972789,107.631650
13.21,21.61,198.57,26.00,-6.972788,107.631660
13.21,21.61,198.57,26.00,-6.972788,107.631660
13.23,28.03,200.28,26.00,-6.972840,107.631650
13.23,28.03,200.28,26.00,-6.972840,107.631650
12.98,31.38,201.98,26.00,-6.972805,107.631670
12.98,31.38,201.98,26.00,-6.972805,107.631670
13.11,24.96,201.98,26.00,-6.972782,107.631640
13.11,24.96,201.98,26.00,-6.972782,107.631640
12.03,22.15,201.98,26.00,-6.972785,107.631630
12.03,22.15,201.98,26.00,-6.972785,107.631630
12.03,26.40,200.28,26.00,-6.972783,107.631630
12.03,26.40,200.28,26.00,-6.972783,107.631630
12.23,20.53,200.28,26.00,-6.972776,107.631620
12.23,20.53,200.28,26.00,-6.972776,107.631620
12.42,27.94,200.28,26.00,-6.972758,107.631620
12.42,27.94,200.28,26.00,-6.972758,107.631620
11.71,19.35,201.98,26.00,-6.972778,107.631650
11.71,19.35,201.98,26.00,-6.972778,107.631650
11.71,19.35,201.98,26.00,-6.972778,107.631650
11.71,21.52,201.98,26.00,-6.972778,107.631650
12.92,24.32,201.98,26.00,-6.972800,107.631650
12.92,24.32,201.98,26.00,-6.972800,107.631650
12.48,21.16,200.28,26.00,-6.972789,107.631630
12.48,21.16,200.28,26.00,-6.972789,107.631630
12.19,24.32,198.57,26.00,-6.972786,107.631640
12.19,24.32,198.57,26.00,-6.972786,107.631640
12.52,25.59,201.98,26.00,-6.972792,107.631640
12.52,25.59,201.98,26.00,-6.972792,107.631640
12.01,24.41,201.98,26.00,-6.972786,107.631630
12.01,24.41,201.98,26.00,-6.972786,107.631630
11.46,26.22,198.57,26.00,-6.972778,107.631630
11.46,26.22,198.57,26.00,-6.972778,107.631630
12.64,33.18,198.57,26.00,-6.972765,107.631610
12.64,33.18,198.57,26.00,-6.972765,107.631610
11.89,25.77,191.73,26.00,-6.972740,107.631610
11.89,25.77,191.73,26.00,-6.972740,107.631610
11.91,29.11,198.57,26.00,-6.972768,107.631630
11.91,29.11,198.57,26.00,-6.972768,107.631630
12.60,22.42,200.28,26.00,-6.972819,107.631590
12.60,22.42,200.28,26.00,-6.972819,107.631590
13.69,15.01,200.28,26.00,-6.972849,107.631500
13.69,15.01,200.28,26.00,-6.972849,107.631500
13.69,15.37,196.86,26.00,-6.972913,107.631480
13.69,15.37,196.86,26.00,-6.972913,107.631480
13.09,14.65,195.15,26.00,-6.972905,107.631460
13.09,14.65,195.15,26.00,-6.972905,107.631460
13.49,15.55,195.15,26.00,-6.972880,107.631420
13.49,15.55,195.15,26.00,-6.972880,107.631420
12.48,14.74,195.15,26.00,-6.972881,107.631410
12.48,14.74,195.15,26.00,-6.972881,107.631410
12.64,15.55,195.15,26.00,-6.972908,107.631400
12.64,15.55,195.15,26.00,-6.972908,107.631400
13.29,14.74,195.15,26.00,-6.973019,107.631510
13.29,14.74,195.15,26.00,-6.973019,107.631510
13.92,15.19,195.15,26.00,-6.973113,107.631610
13.92,15.19,195.15,26.00,-6.973113,107.631610
13.90,15.37,195.15,26.00,-6.973159,107.631670
13.90,15.37,195.15,26.00,-6.973159,107.631670
13.31,14.38,190.02,26.00,-6.973111,107.631650
13.31,14.38,190.02,26.00,-6.973111,107.631650
14.04,14.92,190.02,26.00,-6.972980,107.631670
14.04,14.92,190.02,26.00,-6.972980,107.631670
13.33,15.01,190.02,26.00,-6.972847,107.631650
13.33,15.01,190.02,26.00,-6.972847,107.631650
13.71,19.53,195.15,26.00,-6.972787,107.631650
13.71,19.53,195.15,26.00,-6.972787,107.631650
13.21,20.25,188.30,26.00,-6.972778,107.631650
13.21,20.25,188.30,26.00,-6.972778,107.631650
13.47,19.26,184.87,26.00,-6.972769,107.631640
13.47,19.26,184.87,26.00,-6.972769,107.631640
12.72,20.25,183.15,26.00,-6.972781,107.631650
12.72,20.25,183.15,26.00,-6.972781,107.631650
12.92,19.26,181.43,26.00,-6.972762,107.631650
12.92,19.26,181.43,26.00,-6.972762,107.631650
13.04,16.00,179.71,26.00,-6.972787,107.631640
13.04,16.00,179.71,26.00,-6.972787,107.631640
12.27,17.18,177.99,26.00,-6.972790,107.631640
12.27,17.18,177.99,26.00,-6.972790,107.631640
12.29,18.45,177.99,26.00,-6.972791,107.631640
12.29,18.45,177.99,26.00,-6.972791,107.631640
12.80,23.87,177.99,26.00,-6.972806,107.631630
12.80,23.87,177.99,26.00,-6.972806,107.631630
12.64,15.91,177.99,26.00,-6.972802,107.631620
12.64,15.91,177.99,26.00,-6.972802,107.631620
12.66,15.55,177.99,26.00,-6.972793,107.631640
12.66,15.55,177.99,26.00,-6.972793,107.631640
12.96,19.62,176.26,26.00,-6.972820,107.631670
12.96,19.62,176.26,26.00,-6.972820,107.631670
13.81,14.47,176.26,26.00,-6.972858,107.631580
13.81,14.47,176.26,26.00,-6.972858,107.631580
13.45,15.64,177.99,26.00,-6.972904,107.631480
13.45,15.64,177.99,26.00,-6.972904,107.631480
13.88,16.28,176.26,26.00,-6.972912,107.631450
13.88,16.28,176.26,26.00,-6.972912,107.631450
12.98,15.19,176.26,26.00,-6.972915,107.631420
12.98,15.19,176.26,26.00,-6.972915,107.631420
13.19,15.37,176.26,26.00,-6.972907,107.631420
13.19,15.37,176.26,26.00,-6.972907,107.631420
13.94,15.55,174.54,26.00,-6.972857,107.631520
13.94,15.55,174.54,26.00,-6.972857,107.631520
13.88,16.82,177.99,26.00,-6.972815,107.631540
13.88,16.82,177.99,26.00,-6.972815,107.631540
13.41,18.72,177.99,26.00,-6.972819,107.631520
13.41,18.72,177.99,26.00,-6.972819,107.631520
13.13,17.45,176.26,26.00,-6.972830,107.631530
13.13,17.45,176.26,26.00,-6.972830,107.631530
13.31,18.08,176.26,26.00,-6.972814,107.631530
13.31,18.08,176.26,26.00,-6.972814,107.631530
13.51,15.28,174.54,26.00,-6.972903,107.631520
13.51,15.28,174.54,26.00,-6.972903,107.631520
13.29,14.65,176.26,26.00,-6.973040,107.631510
13.29,14.65,176.26,26.00,-6.973040,107.631510
13.13,14.74,181.43,26.00,-6.973145,107.631590
13.13,14.74,181.43,26.00,-6.973145,107.631590
13.37,14.11,191.73,26.00,-6.973119,107.631680
13.37,14.11,191.73,26.00,-6.973119,107.631680
13.49,14.65,193.44,26.00,-6.972988,107.631730
13.49,14.65,193.44,26.00,-6.972988,107.631730
14.12,15.01,193.44,26.00,-6.972861,107.631710
14.12,15.01,193.44,26.00,-6.972861,107.631710
14.06,15.73,186.59,26.00,-6.972853,107.631770
14.06,15.73,186.59,26.00,-6.972853,107.631770
13.43,15.64,181.43,26.00,-6.972965,107.631790
13.43,15.64,181.43,26.00,-6.972965,107.631790
13.79,16.10,169.35,26.00,-6.973088,107.631790
13.79,16.10,169.35,26.00,-6.973088,107.631790
13.96,15.46,169.35,26.00,-6.973134,107.631790
13.96,15.46,169.35,26.00,-6.973134,107.631790
13.98,14.20,172.81,26.00,-6.973039,107.631740
13.98,14.20,172.81,26.00,-6.973039,107.631740
13.69,14.92,169.35,26.00,-6.972923,107.631710
13.69,14.92,169.35,26.00,-6.972923,107.631710
14.22,21.61,171.08,26.00,-6.972810,107.631670
14.22,21.61,171.08,26.00,-6.972810,107.631670
13.39,17.54,172.81,26.00,-6.972787,107.631650
13.39,17.54,172.81,26.00,-6.972787,107.631650
13.73,24.59,171.08,26.00,-6.972772,107.631610
13.73,24.59,171.08,26.00,-6.972772,107.631610
13.65,23.42,169.35,26.00,-6.972785,107.631610
13.65,23.42,169.35,26.00,-6.972785,107.631610
13.29,24.14,169.35,26.00,-6.972794,107.631610
13.29,24.14,169.35,26.00,-6.972794,107.631610
12.88,24.41,171.08,26.00,-6.972793,107.631610
12.88,24.41,171.08,26.00,-6.972793,107.631610
13.41,25.41,176.26,26.00,-6.972796,107.631610
13.41,25.41,176.26,26.00,-6.972796,107.631610
13.11,25.14,176.26,26.00,-6.972785,107.631610
13.11,25.14,176.26,26.00,-6.972785,107.631610
13.15,14.56,171.08,26.00,-6.972831,107.631600
13.15,14.56,171.08,26.00,-6.972831,107.631600
14.00,16.28,184.87,26.00,-6.972954,107.631580
14.00,16.28,184.87,26.00,-6.972954,107.631580
13.86,15.01,191.73,26.00,-6.973088,107.631580
13.86,15.01,191.73,26.00,-6.973088,107.631580
14.06,15.28,191.73,26.00,-6.973141,107.631650
14.06,15.28,191.73,26.00,-6.973141,107.631650
13.49,14.47,191.73,26.00,-6.973019,107.631670
13.49,14.47,191.73,26.00,-6.973019,107.631670
13.92,15.19,191.73,26.00,-6.972879,107.631650
13.92,15.19,191.73,26.00,-6.972879,107.631650
14.24,15.28,191.73,26.00,-6.972852,107.631740
14.24,15.28,191.73,26.00,-6.972852,107.631740
14.14,16.37,191.73,26.00,-6.972963,107.631780
14.14,16.37,191.73,26.00,-6.972963,107.631780
14.00,15.64,191.73,26.00,-6.973106,107.631810
14.00,15.64,191.73,26.00,-6.973106,107.631810
13.69,14.92,191.73,26.00,-6.973147,107.631810
13.69,14.92,191.73,26.00,-6.973147,107.631810
14.06,15.55,191.73,26.00,-6.973051,107.631780
14.06,15.55,191.73,26.00,-6.973051,107.631780
13.88,14.56,190.02,26.00,-6.972950,107.631740
13.88,14.56,190.02,26.00,-6.972950,107.631740
13.86,14.29,188.30,26.00,-6.972825,107.631710
13.86,14.29,188.30,26.00,-6.972825,107.631710
13.59,19.71,190.02,26.00,-6.972784,107.631670
13.59,19.71,190.02,26.00,-6.972784,107.631670
14.06,21.16,190.02,26.00,-6.972780,107.631670
14.06,21.16,190.02,26.00,-6.972780,107.631670
13.86,21.34,181.43,26.00,-6.972766,107.631670
13.86,21.34,181.43,26.00,-6.972766,107.631670
13.17,17.36,174.54,26.00,-6.972775,107.631670
13.17,17.36,174.54,26.00,-6.972775,107.631670
13.47,19.71,169.35,26.00,-6.972792,107.631670
13.47,19.71,169.35,26.00,-6.972792,107.631670
13.41,18.45,167.61,26.00,-6.972778,107.631660
13.41,18.45,167.61,26.00,-6.972778,107.631660
12.60,15.55,165.88,26.00,-6.972780,107.631680
12.60,15.55,165.88,26.00,-6.972780,107.631680
13.77,24.50,167.61,26.00,-6.972785,107.631610
13.77,24.50,167.61,26.00,-6.972785,107.631610
13.47,15.37,167.61,26.00,-6.972822,107.631590
13.47,15.37,167.61,26.00,-6.972822,107.631590
13.29,15.28,181.43,26.00,-6.972918,107.631520
13.29,15.28,181.43,26.00,-6.972918,107.631520
13.67,15.01,191.73,26.00,-6.973063,107.631530
13.67,15.01,191.73,26.00,-6.973063,107.631530
14.16,15.64,191.73,26.00,-6.973133,107.631610
14.16,15.64,191.73,26.00,-6.973133,107.631610
13.63,15.28,191.73,26.00,-6.973080,107.631680
13.63,15.28,191.73,26.00,-6.973080,107.631680
14.18,17.45,191.73,26.00,-6.972971,107.631690
14.18,17.45,191.73,26.00,-6.972971,107.631690
13.63,15.46,183.15,26.00,-6.972972,107.631730
13.63,15.46,183.15,26.00,-6.972972,107.631730
13.29,15.10,167.61,26.00,-6.972986,107.631730
13.29,15.10,167.61,26.00,-6.972986,107.631730
13.59,15.46,164.14,26.00,-6.972968,107.631720
13.59,15.46,164.14,26.00,-6.972968,107.631720
13.63,15.01,164.14,26.00,-6.972940,107.631730
13.63,15.01,164.14,26.00,-6.972940,107.631730
13.51,15.01,164.14,26.00,-6.972919,107.631690
13.51,15.01,164.14,26.00,-6.972919,107.631690
13.21,15.64,164.14,26.00,-6.972883,107.631680
13.21,15.64,164.14,26.00,-6.972883,107.631680
13.06,15.46,164.14,26.00,-6.972850,107.631650
13.06,15.46,164.14,26.00,-6.972850,107.631650
12.90,16.19,162.40,26.00,-6.972831,107.631650
12.90,16.19,162.40,26.00,-6.972831,107.631650
13.17,18.36,162.40,26.00,-6.972814,107.631650
13.17,18.36,162.40,26.00,-6.972814,107.631650
13.06,21.61,162.40,26.00,-6.972791,107.631650
13.06,21.61,162.40,26.00,-6.972791,107.631650
13.21,17.63,164.14,26.00,-6.972767,107.631650
13.21,17.63,164.14,26.00,-6.972767,107.631650
12.94,25.23,164.14,26.00,-6.972768,107.631640
12.94,25.23,164.14,26.00,-6.972768,107.631640
12.82,27.94,162.40,26.00,-6.972761,107.631640
12.82,27.94,162.40,26.00,-6.972761,107.631640
13.04,28.03,164.14,26.00,-6.972769,107.631650
13.04,28.03,164.14,26.00,-6.972769,107.631650
12.42,27.94,183.15,26.00,-6.972771,107.631630
12.42,27.94,183.15,26.00,-6.972771,107.631630
12.66,29.21,195.15,26.00,-6.972776,107.631630
12.66,29.21,195.15,26.00,-6.972776,107.631630
12.74,27.40,188.30,26.00,-6.972788,107.631640
12.74,27.40,188.30,26.00,-6.972788,107.631640
12.05,28.03,184.87,26.00,-6.972775,107.631650
12.05,28.03,184.87,26.00,-6.972775,107.631650
12.56,28.03,188.30,26.00,-6.972844,107.631710
12.56,28.03,188.30,26.00,-6.972844,107.631710
12.92,27.22,184.87,26.00,-6.972852,107.631670
12.92,27.22,184.87,26.00,-6.972852,107.631670
8.22,12.12,184.87,26.00,-6.972806,107.631660
8.22,12.12,184.87,26.00,-6.972806,107.631660
8.93,16.46,157.17,26.00,-6.972796,107.631650
8.93,16.46,157.17,26.00,-6.972796,107.631650
7.90,13.56,141.34,26.00,-6.972796,107.631650
7.90,13.56,141.34,26.00,-6.972796,107.631650
8.02,17.90,139.57,26.00,-6.972796,107.631650
8.02,17.90,139.57,26.00,-6.972796,107.631650
8.14,13.74,139.57,26.00,-6.972790,107.631650
8.14,13.74,139.57,26.00,-6.972790,107.631650
8.02,13.65,139.57,26.00,-6.972785,107.631640
8.02,13.65,139.57,26.00,-6.972785,107.631640
8.34,14.56,139.57,26.00,-6.972779,107.631630
8.34,14.56,139.57,26.00,-6.972779,107.631630
7.33,14.56,139.57,26.00,-6.972773,107.631640
7.33,14.56,139.57,26.00,-6.972773,107.631640
8.99,16.55,139.57,26.00,-6.972760,107.631630
8.99,16.55,139.57,26.00,-6.972760,107.631630
7.49,12.93,141.34,26.00,-6.972763,107.631630
7.49,12.93,141.34,26.00,-6.972763,107.631630
7.92,13.11,141.34,26.00,-6.972759,107.631640
7.92,13.11,141.34,26.00,-6.972759,107.631640
8.12,14.65,141.34,26.00,-6.972754,107.631630
8.12,14.65,141.34,26.00,-6.972754,107.631630
7.35,13.29,141.34,26.00,-6.972749,107.631630
7.35,13.29,141.34,26.00,-6.972749,107.631630
7.68,13.11,141.34,26.00,-6.972743,107.631640
7.68,13.11,141.34,26.00,-6.972743,107.631640
7.66,12.93,139.57,26.00,-6.972741,107.631630
7.66,12.93,139.57,26.00,-6.972741,107.631630
8.12,14.20,139.57,26.00,-6.972739,107.631630
8.12,14.20,139.57,26.00,-6.972739,107.631630
7.59,12.93,141.34,26.00,-6.972744,107.631640
7.59,12.93,141.34,26.00,-6.972744,107.631640
7.25,12.84,141.34,26.00,-6.972746,107.631640
7.25,12.84,141.34,26.00,-6.972746,107.631640
6.97,12.57,139.57,26.00,-6.972746,107.631640
6.97,12.57,139.57,26.00,-6.972746,107.631640
7.53,12.03,137.80,26.00,-6.972744,107.631640
7.53,12.03,137.80,26.00,-6.972744,107.631640
7.55,12.03,137.80,26.00,-6.972741,107.631640
7.55,12.03,137.80,26.00,-6.972741,107.631640
7.47,12.12,137.80,26.00,-6.972728,107.631630
7.47,12.12,137.80,26.00,-6.972728,107.631630
6.99,11.66,137.80,26.00,-6.972725,107.631620
6.99,11.66,137.80,26.00,-6.972725,107.631620
7.57,12.12,137.80,26.00,-6.972735,107.631630
7.57,12.12,137.80,26.00,-6.972735,107.631630
